622286 -
0.437981
0.372331
0.331171
0.303568
0.286839
0.276066
0.268183
0.262167
0.257480
0.253857
0.250390
0.247219
0.244811
0.242626
0.241122
0.239378
0.237539
0.236378
0.235795
0.239818
0.239888
0.232775
0.231358
0.230105
0.228864
0.227911
0.227481
0.227283
0.226935
0.225962
0.226816
0.230276
0.232967
0.237918
0.233186
0.235426
0.229705
0.235023
0.235301
0.245685
0.238874
0.237944
0.233702
0.239427
0.231592
0.227299
0.227932
0.228543
0.230736
0.230827
0.225307
0.228443
0.224403
0.222673
0.222900
0.222516
0.221802
0.221171
0.221846
0.225820
0.226480
0.227808
0.220752
0.218370
0.219031
0.221679
0.235020
0.229562
0.232395
0.236535
0.232390
0.228127
0.222102
0.219617
0.219258
0.217183
0.216019
0.216630
0.213809
0.212067
0.211940
0.214609
0.212160
0.208555
0.213284
0.209243
0.206989
0.205633
0.208214
0.214479
0.210135
0.212925
0.209109
0.208850
0.210111
0.211477
0.213282
0.209579
0.226058